1013102960496087090
1156622160232710206
1150132944162275369
1150132896942805162
1150132940496457788
1150132923790544957
1150132893977432084
1150132902735122563
1150132915062198272
1150132814977695804
1150132866395668664
1150132941557604412
846065138096275476
1150132832677679224
1150132911241175080
1150132796111724655
1150132917335507014
1150132811324473356
1150132775882604624
1150132905918615602
1150132883537793186
1150132884359884801
1150132818584809554
1150132868702539847
1150132882321461258
1150132818668687423
