1017875418654707773
1013102960496087090
1163386876116348978
393958576634462209
767141780645871667
1156622160232710206
1141087386491687033
1178700020044795917
1157399811423731753
686916745511960612
1029373680511369267
409640808552202241
1065518994339143780
672403684361109524
561920738018197515
727550563104981103
837985259974164500
984704153110609950
1130575617243492352
1065637267156246659
295158669690142722
570904066008547329
995608131528822834
934527663740157962
608862886810353664
1149432639627984987
1178711584265224302
960870879728906301
1178808000429961296
1152610673172422828
1178872140565577881
1178940591283912804
1149432156746174486
1166071783414312980
795712594971328573
394759919800156161
748224699527462924
1080813396296994917
1178741562956587103
1178752493551878188
1178785146619576414
1178818881599574117
1178820549774946318
1178850316964352032
932353491026976819
1086363779165589626
1178873788297908277
687344374660726893
605883574985424916
558042590230872064
813407641568280656
814521150812979278
1178829126199689316
1178780751014133811
1149432623366668288
1035176198357123194
926773597400354847
863313789859921920
455809866196320318
528206324463435796
824616274692669441
917827469153804329
480891813775802368
934498076469641316
1144161743468253194
1142541402702622780
856563859041288254
246975065353224192
1158836678648144042
1169693875137433701
862262649567969292
971024060806987836
734757130762190888
1114940311924391970
546375331339173889
631176759374643252
943485181761818705
1161932705672474638
398464093289185280
795660489552035890
1048188297400291379
988486723120013312
