1153614631022108694
1157730908229611590
1156622160232710206
1150142480713527326
1150142358608957612
1150142360282468424
1150142383170785381
1150142287934922762
624956338371428363
728316186735149119
790847913009086484
908220206063706172
942247665138290738
1010912767676526592
1029120289092673578
1138999534752645150
1162405412524544130
1150142251704520785
1150142328535777470
1150142372039118978
1150142431120085002
1150142362346061918
1150142231852880023
1150142199581921280
1150142363201720423
1150142178006409216
804352089903464498
1150142456122318939
1150142377940504747
1150142374811541628
756865527653204030
1150142378032767088
1150142271396773938
1169657874738319412
1150142383867043842
1150142272466325524
1150142274248900708
1150142367345684580
1150142257572364411
1150142393115488268
1150142271010902127
1150142329374654604
1150142246486818927
810151627994169351
1150142265805779165
