816324629673017385
755154956805210243
1085984864416841750
1127040188628086885
940231932648751104
935977038836281434
963768034856689714
1150125048959615048
1150125014511792330
1155103845865758761
1150124704531742762
810201291195547720
728577376820265002
504895426386984983
891851327762743317
1175020587681325096
816225853544464386
1186006830158188637
744050526928502794
1156622160232710206
1067132867982925834
356065937318871041
1110017518279602176
853006142540087337
235148962103951360
155149108183695360
815289915557675118
294882584201003009
276060004262477825
1040194948496109569
789797049746980895
159985870458322944
270904126974590976
692045914436796436
314110696071888896
1054891522786611231
282859044593598464
458276816071950337
668075833780469772
491769129318088714
508391840525975553
422087909634736160
416358583220043796
1142449392297725952
1150124931682676867
1064653736233926778
1150125003623374949
1150124930604744847
1163148147950882908
1150124904490999879
812550223560966195
687153595166228487
955486085415313448
1150124916558024896
278472249823199232
1068650689015861438
1132726077832306698
1051585226175959150
1183508681942388882
1150125089652744293
1150124811813658825
987040472591655012
933698713254236250
818106373874515978
1088249571626455131
1169989112481189888
934300564513234984
923565327638491187
1022475171862425701
605236129255391272
1146497927318093966
939564375071674450
1167899299879850034
1150125089929576478
1073839105651261480
1164281461550100613
910487928000638986
857947047541211156
1124228798133567580
916258511879548948
1060334829486481449
928777034107346945
816346185815162880
1150124960594018304
1168146844698808333
1150124936413839460
1150124833892466790
1150124989920595988
927792603016069251
1010164277228875837
1165243285443448886
934500190474363012
1150124843359011017
804821855512297514
1167769630039887981
493137535393071114
928295371975843920
1104646844920909835
799984846176780308
1150124856201982137
1150124778485719191
1150125078818857061
