1163124485247991890
1113586100808728706
1143468913229832282
1187108168115949732
1194203870755299472
1196200859860734043
1174575771755483206
743481765712232470
985628203404124200
1187333258430644237
1188533111814889575
1097582682428424212
443581705626976257
1004385616215166986
927937811502473327
1176951607687118852
382948466793381899
1163005786545467482
1113669635758366730
1047216677227614229
1034394611730366496
1074529144240615494
1163005875603116093
1010041876725903421
723749644227838024
1131574578393645107
1133781694193860788
1179404252842557441
1041981650701144164
1163124483838718103
1187109777638178900
722015486497259532
1163005882846679061
1164583523613691964
1093037266382880869
1127377098647023758
958099139873345676
1163460911323955270
1187065508416196729
1163006082835304479
1187413287999131668
1173140829670477938
1186588936903073812
512978318157676556
980738133748506624
1166577738564509817
1172160758889599071
1154060372731502706
1171827186420949013
1171133227877011480
1111552655022620712
1160052145832349757
1113897915979669614
1113870785254281346
1159089528284385372
1163005875611512832
1054330291335991356
549195065612828673
1180982717119205398
961959617217314836
1163005882590834759
1153363816885801031
1187543942003175448
897331968142868500
1177989608345182279
1176722018528399440
1193535186311319626
975685747979976714
583425534038638611
1035053079193714738
938919914301964308
1174967657573929090
1167353398237077544
1187953619618762832
975533051700445185
1150690303133630524
1172047019712446474
1102035812574572564
1150369875924103178
951479118938116136
1163006113361445025
612985536172392449
787182638720090142
1163005882871853157
1162874974143512708
1162874974168694784
1162874976509112471
1162874976802701343
1162874981902995536
1162875002878701630
1162875005374320742
1181256087081603116
974302559084888094
544204870085902366
964815817822863411
1124561994381545492
1141742278008897576
1163124480697188543
1166132274765496320
1103803442851479676
386486783291949057
330066782414962714
337521929906814986
1189409550604972112
1121210129384214548
1194755855917256804
558374927477243914
673761635776856065
999290874460655616
1129070909693624361
1111429439990013992
1143642918649864252
1098684981506736179
1112515021092691988
1115180211626065990
1177150288470220810
801445302367158302
631155685178081310
1037081646190559333
877082451850178642
834602467194830868
958654421934432256
1126059552127864843
772846465827602484
1076501363929911379
246872800713900033
974228011979259904
495145595355267072
1119253654122266715
1113924368163156100
1188862010872574144
1142108230328258671
1179384197123690538
960254824010641498
1141030798863118436
1147492227564716043
1163005882834092063
690217729847853057
1122141828695732314
1015630183887290519
1112469906106101881
967141138123345980
1177964195959033959
1179199142350819370
1112342690646982746
454180043250466819
1111661586541711370
1168582941727793162
1141045346479394836
771327402517200938
1139563487257952419
1167578555585134613
965378686046060555
919618029946564639
1184850316831768600
1166135564978892902
1163124580878131250
1074544373146071060
978904945552158760
975510243062739034
1111606633924149258
1191989038123602062
824119071556763668
235148962103951360
713579531935416331
825617171589759006
557628352828014614
508391840525975553
617037497574359050
1167656695506415721
1187661217662251040
1111661896593059920
1188848395192901633
1134356882321059891
1163124483075358810
940179232280166420
816224675339436052
223215476958822400
541405298615648257
1120731452175290398
481157821640081429
1167550837736882187
1112325247237111959
1149007423135289364
1073902063400001587
957752276452253727
1163005284902522962
1163005882838290432
1170952533771047002
1181666820533539057
474643114259120134
764944071084081192
1163124484497232022
1128356158860693646
1183858310106062878
1080656113663496223
1163006072370495498
1163006117752864790
