1156622160232710206
155149108183695360
1192185107956641904
1150146339435458601
1143902565419974717
1143903155856363572
1143903358181183518
1143903413625700482
1143903421372571760
1143903740638797974
1143903712176255096
1143903720359337984
1143903951721345126
1143903638062891049
1143904313777848393
1143903652688449667
1143903441886920764
1143903035156873276
1143903781457768498
1143903612586692608
1143905089342418985
1143903397829951618
1143903473230950562
1150146365788258436
1150146473351192757
1150146541261172836
1150146561536442488
1192183530000760913
1190622133727019068
1150146553827315844
1150146509384466452
1150146669715918948
1150146337627717673
1192184404068540519
1192184736546816021
1190622043985678438
1192185334230958202
1192183206171115530
1150146652330528920
1190621508129792112
1190621530741284897
1190621564673212457
1190621596931604581
1190621597241974804
1190621749423919198
1190621874594529340
1190621889694007326
1190621896690118676
1190621914192937102
1150146375594557451
1150146409614540841
1190622009877602386
1150146505152409631
1192183823237124188
1143903110734037132
1190622020568887386
1192183901968420986
1190622103326691368
1192184518862446592
1192183257371004952
1192184262703730819
1150146424181362799
1150146359182245958
1143903475818823711
1192184636349108284
1192183681704538234
1192183901397979167
1150146700200116364
1150146566338924544
1192185021008715797
1192183989696475146
1150146566905147535
1150146598198841376
1150146640724893837
1143902863291060355
1143902166969495562
1150146373560311849
1150146429596225619
1150146711763812363
1150146385790894211
1150146400454193323
1150146404602368180
1150146407970385930
