1188113788617109588
1020763235219148899
605435963124219929
1167807566626168844
715096840894152705
1185700987751649332
1153507552441683998
1153399679388745838
274527465106440192
1180616897197264906
1101824949385183323
748736865405763595
1137896165879316671
872277623122825237
1177231087525703761
1055011782114152490
1183927509063049227
567813255183990794
1176969598839554158
1192183202828275873
1054114689602310166
1038875827674304614
1192732016395956334
834074097902026853
1177475824287494265
1083264548447998003
1086993534638358568
1091280185086705684
1014600573955346542
965672115481239632
1146028110005940354
877382864839274547
1147961187619831868
1164602148034711583
1171497120910553153
647628140889243648
1192181884302675970
1144804683878256712
1181319905354711183
1135847402260152330
1083072910861803520
1181685020839129168
542425021021421578
1175500089742073990
284756343267524609
825681362895110144
1170726978836512852
1192182664095076463
1142637837431341059
1148901203447644170
1136660955078590577
1074159646354452521
1189501076332888105
1151773963828080642
1138644720390778951
1189020641324712042
1132912168803782729
699590973147185213
1088463505180606494
1181699244562853901
1119280323964969061
982393727068803102
1175257661202247680
995237455357808702
1186508230743052469
1191418220880597063
962798242335182858
1192183089355554819
1184532262306467941
976929315637833768
1148592855435182201
1163125134324940862
1163125134622720180
1163125134656278589
1163125134698229831
1163125134710816768
1163125134765334618
556815145976856586
1069708276515750060
1180933110825746495
1179684936920346676
1185471138340544543
1186916342994051075
1177045269527941195
958139997142282330
1150921776025583738
1192182490551554220
1192182257708965918
653989023932481538
1056985010516787290
989231378195427358
471297232558358533
1155488089519693885
1037064183365238934
1112395801776369766
971850708133503016
1094586680528343071
1145638772118142996
1165474694267404308
1169105789265387575
1166575427482034257
1094870031923433502
1135964516010709013
879690011287642123
1115260191370399754
1155146581306249217
808685223545012234
1106195204433784884
1142518449239773274
1166833254368825454
1180810860554371113
1192181755294253086
868533704895631442
331156523247992833
691273802075603029
1175972826604388432
938706637433221130
1061278955681886248
1031607549763522610
1187128751151120525
747503518499340319
888464027808849960
1113321055944192020
995661774969913468
1182326961591292035
1016309685860696096
1181950105847336991
749596376966496327
904733604691726387
1177979155137183856
912830609490075668
1192178246872211496
909222716484231258
1157987688037761084
998584324658040913
963149256875720726
837856268416581632
1089173901218680873
1057661908825673771
881245872317415436
1109405032366997645
792842038332358656
720351927581278219
508391840525975553
913036809527754753
958386537660284948
962558648582823996
1179557388156682340
1152842745589809257
1184164001609945131
974430685400010812
632110726793789441
997409383497617439
1185814647610282096
770787472883449876
885717982653857852
769616442827210752
1188473113546068049
1079343152567164959
1088196299867820123
1162365043426463814
1174905881893290074
1165701809394950287
971050316734824459
1140220897286967347
679681536639238188
1191657748056780850
1161165105711558656
1118576502213181513
1183506746166235247
1192182386876760257
1147815059863638026
409278383143256075
1192181844679069759
1162877472723980428
1171655306074398754
1057446937525231687
1172875555549483059
810135882282958879
922343367004807180
767825404076883979
1184762719749029946
786355380862713897
969154673158266920
1124800032894357566
1192182559556247636
951915797150830642
1178891335177085023
808017684788019210
1097015560539222097
1178413452641976463
647996426311434260
992121857476145172
711251649368162359
1129833082732675082
1017780624167288852
1005236830104465548
1179307103463145502
1187869873028726837
1162815377554821220
1056720722585723014
1126567939760472145
1003996513011236914
731439069673816116
1191517084446883944
987847048512544778
965898161216430121
730738190864089148
1163124865004474418
1148420574083813466
1187123827591880705
971788400908697671
1066024308922654730
1075908807475077162
1176736314020864002
1179817141684404314
1116470452332810320
801538970692485150
1058351901718089738
1128031654485708972
976379750232776724
771153503707988011
1177209694893387838
1150381306597867520
1019979692444483655
1009845269199868066
1167975518411427903
635706543777775617
