155149108183695360
1150126054669828227
1163124580878131250
1150126238942367955
1150125958163079178
1150126313114439832
1190622110767399065
1190622072355966989
1150126358316449792
1150126223809314927
1150126210643398686
1150126335608500325
1150126046654504982
1150126298400821320
1190622481350926398
1150125939695558868
1150126342243876964
1150126272379359254
1190622623995006996
1190622580625903616
1150126242587213894
1190622401260695552
1190622320809742398
1190622455144914949
1190622458953355298
1190622309887787140
1150126079097450516
1150126332483731547
1150125861710864485
1150125871273873459
1150125924478632047
1150125980954919044
1150125996213817384
1150126103374082148
1150126126895742977
1150126129240346694
1150126134760063056
1150126141659697324
1150126147443626135
1190622441521819703
1190622572740608031
1190622579468271729
1150125830987591680
1150126250174717962
1150126326540419142
1150126238283866192
1150126201508200468
1150126043911426238
1150126201181048862
