1103235293194244146
842770825919987732
1126720108652396605
544094485877882881
1140280938127954070
843002770955960351
1237745318255398974
1209210467919335434
235148962103951360
302050872383242240
155149108183695360
184405311681986560
572906387382861835
508391840525975553
292953664492929025
1237656563062149191
1237746021707157565
943761333583753217
925145796951818322
1015547445066874931
715212133020860565
1237745787937755176
943489900316065802
906985879850061865
723199738123649054
1237745645364707388
1237656860954198041
940200436365934652
1129025049903505431
943776476464046131
518739042414755853
627189042236096553
1237745109185859625
876229523044188170
678274832198139999
606538516117192758
1237744977996681257
1023252910689235085
1237656435936985111
1237656901790208057
633289065923477516
697447720910192670
902293133210042448
551490521458147330
1237655068514455583
1237745967973797918
1237745256355856559
866602510457634817
1188170014126243870
1199858972698607687
1237745987510865962
1237745522534514738
817013221898190848
811914776317919238
1032561523987582987
529230109702619147
1228082927288586281
910831522473463869
1123966173189517413
883459748329058414
889142362272579616
933402817459281952
728599539983974481
584422708633403431
999381265130205308
894187430360539146
943810479560732732
994894544967581807
1237656356866097157
835821450488184882
853585327445114921
1237745101233590334
1041396126114394264
1022957245048311859
