1237746021707157565
1126720108652396605
1237656563062149191
1237745787937755176
1237745645364707388
1237656860954198041
1208429206183354439
1208429241369100290
1208429241537134665
1208429293781123125
1208429308234698773
1208429344045932545
1208429393265958915
1237745109185859625
1237744977996681257
1237656435936985111
1237656901790208057
1237655068514455583
1237745967973797918
1237745256355856559
1237745987510865962
1237745522534514738
1237745318255398974
1237745605795647568
1221010101503004684
1237656356866097157
1237745101233590334
